Doc_0 :Topic_7:0.23928924147554465, Topic_4:0.15869966696465734, Topic_2:0.11002182934539455, Topic_6:0.09073034062172003, Topic_5:0.08852399792813535, Topic_1:0.08612730540303366, Topic_8:0.08424852580037091, Topic_0:0.06520167143007267, Topic_3:0.05071166929902588, Topic_9:0.02644575173204508
Doc_1 :Topic_2:0.18180602520730205, Topic_4:0.13944341982380712, Topic_1:0.13329519698502143, Topic_6:0.11913027512649077, Topic_3:0.10763667323528074, Topic_9:0.09210565871365771, Topic_7:0.06385378890290105, Topic_8:0.05902437775341522, Topic_5:0.05512678529925776, Topic_0:0.048577798952866014
Doc_2 :Topic_3:0.3896151560702467, Topic_8:0.11831100344604126, Topic_7:0.09257950907159818, Topic_9:0.08519904330142009, Topic_0:0.07212090492404784, Topic_6:0.0629077450149672, Topic_5:0.04625640158112635, Topic_2:0.045650392333488096, Topic_4:0.04414987415817667, Topic_1:0.04320997009888759
Doc_3 :Topic_6:0.17465873594611475, Topic_8:0.1592723430512047, Topic_7:0.13883186458742772, Topic_0:0.13163837884700527, Topic_4:0.10379676266158057, Topic_3:0.10217971309875154, Topic_5:0.06273794167058148, Topic_2:0.059050907431637774, Topic_1:0.0442105332604152, Topic_9:0.023622819445280926
Doc_4 :Topic_0:0.3091407494745484, Topic_7:0.24134615353587588, Topic_3:0.0983500962506904, Topic_5:0.07861128358011503, Topic_8:0.0689382815354391, Topic_6:0.06632003937020736, Topic_4:0.05769480474180613, Topic_1:0.0556194020598084, Topic_2:0.018442189280506917, Topic_9:0.005537000171002341
Doc_5 :Topic_6:0.3450553982258562, Topic_8:0.25954455225673534, Topic_5:0.15630078256336272, Topic_2:0.06915854813143121, Topic_0:0.053088831961784176, Topic_4:0.04841894952120459, Topic_1:0.02352510516187535, Topic_9:0.018122644797139393, Topic_3:0.015095666069732495, Topic_7:0.011689521310878536
Doc_6 :Topic_7:0.36798810164224094, Topic_0:0.11454374875856128, Topic_1:0.10988355691467, Topic_5:0.08950451609154908, Topic_6:0.0816836076547265, Topic_4:0.07683124154381671, Topic_3:0.058533747803640464, Topic_8:0.05526419938144193, Topic_2:0.026111695370620823, Topic_9:0.019655584838732174
Doc_7 :Topic_0:0.23043774711970494, Topic_6:0.19077284694395263, Topic_1:0.16347987848611742, Topic_5:0.12388670084938265, Topic_7:0.09492115920948238, Topic_2:0.051487640062010225, Topic_4:0.04845743364615545, Topic_8:0.039617072445498364, Topic_3:0.03748439020722099, Topic_9:0.019455131030475005
Doc_8 :Topic_8:0.21761912841091383, Topic_4:0.15799891705830776, Topic_0:0.11497397358781442, Topic_5:0.10378037562539498, Topic_6:0.08499865840993473, Topic_3:0.08496835726676989, Topic_2:0.0786559322317817, Topic_7:0.07348644651276813, Topic_1:0.06451183270859646, Topic_9:0.019006378187717995
Doc_9 :Topic_0:0.23080982143821893, Topic_7:0.18653262187214772, Topic_1:0.18540151985281003, Topic_6:0.13062990088765591, Topic_4:0.0929516252610572, Topic_8:0.07166717030174746, Topic_5:0.06931391510666526, Topic_3:0.015544114026057508, Topic_2:0.013468635037637912, Topic_9:0.003680676216002111
Doc_10 :Topic_0:0.20048647435368436, Topic_5:0.188292652217057, Topic_1:0.16138564517021742, Topic_6:0.10205250903664603, Topic_8:0.10125656633376537, Topic_7:0.09680305113210066, Topic_3:0.04506610225533657, Topic_2:0.04383435897988282, Topic_9:0.03338277734487129, Topic_4:0.02743986317643839
Doc_11 :Topic_5:0.45771275213818113, Topic_4:0.1588340945844225, Topic_7:0.14102667572045088, Topic_3:0.051479419795177256, Topic_0:0.04078541957945617, Topic_8:0.038567498510377725, Topic_2:0.037728684233049585, Topic_1:0.03526272642493046, Topic_6:0.029103106814368184, Topic_9:0.009499622199586225
Doc_12 :Topic_4:0.15971243526269688, Topic_7:0.15935267086487975, Topic_0:0.13139097898052177, Topic_5:0.10869998835189054, Topic_1:0.10757385747486684, Topic_8:0.09536486881146063, Topic_6:0.08855574230299652, Topic_2:0.0807545705493161, Topic_3:0.05822616582699085, Topic_9:0.010368721574380069
Doc_13 :Topic_6:0.1772028169515878, Topic_7:0.1733088730548354, Topic_5:0.15108539567628682, Topic_8:0.11533461976693159, Topic_4:0.09521062365875543, Topic_0:0.08768771810234817, Topic_1:0.08662810903666311, Topic_3:0.06503660245596095, Topic_2:0.03292652635546407, Topic_9:0.015578714941166508
Doc_14 :Topic_4:0.44675894727164883, Topic_3:0.2015934853835631, Topic_2:0.0693537022901013, Topic_1:0.061272195699857285, Topic_8:0.052728704442460486, Topic_9:0.05174066692154385, Topic_6:0.040120184350336874, Topic_5:0.026129900208209243, Topic_7:0.025903532499770843, Topic_0:0.02439868093250814
Doc_15 :Topic_7:0.18778720727989018, Topic_3:0.16228168771417922, Topic_4:0.16194415514143384, Topic_0:0.13007483880944273, Topic_6:0.11041976191538756, Topic_1:0.08313868088055802, Topic_8:0.07159818653241982, Topic_5:0.057045890173652775, Topic_2:0.02911294801078354, Topic_9:0.0065966435422521435
Doc_16 :Topic_3:0.33603758481693813, Topic_0:0.13210519123570783, Topic_1:0.12856365745466222, Topic_6:0.07994869243150547, Topic_8:0.07464899256117945, Topic_4:0.07052873546829734, Topic_5:0.056179095430793316, Topic_2:0.05308764564944243, Topic_7:0.04593985784128277, Topic_9:0.022960547110190865
Doc_17 :Topic_0:0.26435072540760907, Topic_3:0.1388734238170085, Topic_4:0.11966483735160591, Topic_1:0.08856387174727513, Topic_6:0.08525120304865315, Topic_2:0.08230688310560186, Topic_5:0.0771369374819508, Topic_8:0.06572872388668548, Topic_7:0.04979275426084043, Topic_9:0.028330639892769575
Doc_18 :Topic_4:0.13027935594338436, Topic_5:0.12970346682158362, Topic_6:0.1284728385608122, Topic_0:0.11471065572379034, Topic_1:0.11270977353154259, Topic_7:0.10828496573501908, Topic_2:0.10206954222157653, Topic_8:0.08934655160760091, Topic_3:0.07107467181553095, Topic_9:0.013348178039159405
Doc_19 :Topic_8:0.1553122925038192, Topic_9:0.14188132593867586, Topic_0:0.13166353424869107, Topic_5:0.11110348896305379, Topic_1:0.0888542041790172, Topic_3:0.08812617169464619, Topic_2:0.08700231993838711, Topic_7:0.06699999837513682, Topic_4:0.06477712655778518, Topic_6:0.06427953760078761
Doc_20 :Topic_7:0.2168644430987503, Topic_6:0.13517211693270784, Topic_4:0.12240092218982483, Topic_1:0.11267019303101194, Topic_0:0.11056235569665782, Topic_5:0.1078244277417188, Topic_8:0.09928209953424358, Topic_3:0.053260986844055065, Topic_2:0.03424332215902827, Topic_9:0.007719132772001618
Doc_21 :Topic_1:0.24877397527655942, Topic_2:0.21878756321964557, Topic_9:0.16387605047190576, Topic_3:0.06727138761219494, Topic_5:0.0649741558707217, Topic_6:0.055364109850581766, Topic_0:0.051650502274447375, Topic_4:0.049747564651707106, Topic_8:0.04068938322796347, Topic_7:0.038865307544272726
Doc_22 :Topic_4:0.4064126352480859, Topic_3:0.23248838488999718, Topic_7:0.17324610682112096, Topic_6:0.07754250147317225, Topic_0:0.024914025610197305, Topic_5:0.023547057269496678, Topic_8:0.02146668274368794, Topic_2:0.015424419590779304, Topic_1:0.014376876392043644, Topic_9:0.010581309961418924
Doc_23 :Topic_4:0.4442763763336152, Topic_3:0.20031323221557049, Topic_9:0.14107146627077113, Topic_2:0.06603446434495525, Topic_7:0.04764260985937614, Topic_6:0.034696127554644976, Topic_0:0.02005584390262613, Topic_5:0.017963748918738517, Topic_1:0.015139265123146756, Topic_8:0.012806865476555298
Doc_24 :Topic_4:0.49498480723973637, Topic_3:0.33495110454650523, Topic_0:0.03157135281722532, Topic_1:0.026292091504903876, Topic_7:0.023728475409014214, Topic_5:0.02319666850810342, Topic_8:0.021411127803705608, Topic_6:0.020036013570512885, Topic_2:0.013869757116812476, Topic_9:0.009958601483480684
Doc_25 :Topic_4:0.30827767435976716, Topic_9:0.18415230609738203, Topic_3:0.1654808577738728, Topic_2:0.12843649880342176, Topic_8:0.0769808445016056, Topic_6:0.038541384235221486, Topic_5:0.03135066529031143, Topic_0:0.02882027230778107, Topic_1:0.02094257733487789, Topic_7:0.017016919295758656
Doc_26 :Topic_4:0.28477654786562484, Topic_0:0.2609105480797306, Topic_2:0.09796470830667028, Topic_6:0.08533375285686859, Topic_8:0.06442509307265419, Topic_5:0.05774081869105302, Topic_3:0.05510886576832681, Topic_7:0.03901412911969738, Topic_9:0.030856450866479767, Topic_1:0.023869085372894578
Doc_27 :Topic_7:0.2334672983503279, Topic_0:0.17002176698504315, Topic_6:0.10986801543878243, Topic_8:0.09836964492617209, Topic_2:0.09597557878573036, Topic_5:0.08753654270244413, Topic_4:0.08710742459053038, Topic_1:0.06976326096860054, Topic_3:0.0354030668733291, Topic_9:0.012487400379039927
Doc_28 :Topic_5:0.20196452862447942, Topic_1:0.14481567546156635, Topic_6:0.13138012506447636, Topic_8:0.11832459899681338, Topic_2:0.11196180801204574, Topic_0:0.11046465643396786, Topic_7:0.049539180208592215, Topic_4:0.047448161185590663, Topic_9:0.04716919517782093, Topic_3:0.03693207083464709
Doc_29 :Topic_4:0.39995527653366325, Topic_1:0.2514286872239034, Topic_5:0.09394831320643304, Topic_3:0.07340140087063399, Topic_8:0.06722718804695992, Topic_2:0.04302083340862347, Topic_9:0.019729734099777622, Topic_0:0.018793002896025677, Topic_6:0.016684120418400696, Topic_7:0.01581144329557907
Doc_30 :Topic_4:0.26037666144653526, Topic_3:0.14633167509493647, Topic_6:0.12687458478559738, Topic_8:0.10530395538650855, Topic_1:0.10204288037257515, Topic_2:0.07026165373890458, Topic_0:0.056849650210193094, Topic_5:0.052166721551421755, Topic_7:0.050089179610376997, Topic_9:0.0297030378029509
Doc_31 :Topic_2:0.4136341460768133, Topic_9:0.35640524725688083, Topic_4:0.04307834794596318, Topic_1:0.03574795979979417, Topic_6:0.033029743864456805, Topic_5:0.0314909900350415, Topic_3:0.0277995544688614, Topic_8:0.026597082745829614, Topic_0:0.018118100582362785, Topic_7:0.014098827223996153
Doc_32 :Topic_6:0.6762637531926033, Topic_9:0.10424064825014515, Topic_2:0.05660258121458852, Topic_8:0.049726905695634996, Topic_4:0.03425207584703115, Topic_3:0.0274088185093688, Topic_7:0.019683778852579097, Topic_5:0.012725170859133505, Topic_0:0.010702996732201495, Topic_1:0.008393270846713947
Doc_33 :Topic_2:0.6173998102035427, Topic_8:0.08312654362002596, Topic_3:0.06237125103088713, Topic_5:0.0580987729316871, Topic_9:0.038922171430807166, Topic_4:0.0345730324041799, Topic_0:0.030743829130518725, Topic_7:0.029430440179195824, Topic_1:0.02362090015767752, Topic_6:0.021713248911478106
Doc_34 :Topic_6:0.2166546980742849, Topic_0:0.18131898616575612, Topic_2:0.15673128437189382, Topic_8:0.11579750004745235, Topic_1:0.06908365294476362, Topic_3:0.06779353286120511, Topic_4:0.05801139981475633, Topic_5:0.05554496457102024, Topic_7:0.041418311438167286, Topic_9:0.037645669710700026
Doc_35 :Topic_1:0.26442757704472003, Topic_3:0.14334965659805418, Topic_4:0.13771389761877112, Topic_6:0.11641047841361113, Topic_2:0.10333587027955113, Topic_0:0.0822744543143875, Topic_7:0.06422288467986992, Topic_8:0.04271906693560725, Topic_5:0.03137896113920917, Topic_9:0.014167152976218603
Doc_36 :Topic_0:0.5908773107812479, Topic_4:0.104332152379928, Topic_3:0.04915797696774739, Topic_6:0.04483224006459205, Topic_5:0.042184882136446535, Topic_8:0.03938907754211273, Topic_9:0.03857904690223214, Topic_2:0.037449784525918184, Topic_7:0.027829111436378548, Topic_1:0.025368417263396583
Doc_37 :Topic_9:0.3340699955837137, Topic_3:0.2646980161030218, Topic_7:0.08907156364782454, Topic_8:0.06775300219029015, Topic_5:0.06608073316072809, Topic_6:0.051188899598083794, Topic_2:0.04786856073893572, Topic_1:0.04124837291260154, Topic_4:0.019588030157506212, Topic_0:0.018432825907294538
Doc_38 :Topic_3:0.5011480850952058, Topic_7:0.0792361262437244, Topic_4:0.06890823531732385, Topic_5:0.0677868474073974, Topic_8:0.06627885282364553, Topic_0:0.05463903018889419, Topic_9:0.05317607029801695, Topic_1:0.04303346770764901, Topic_6:0.03650463903278109, Topic_2:0.0292886458853617
Doc_39 :Topic_9:0.48912063034931696, Topic_1:0.3459277787915296, Topic_2:0.0698996815873539, Topic_5:0.043852932894897154, Topic_8:0.01311265969090135, Topic_3:0.01017067566317384, Topic_4:0.007704528719113479, Topic_6:0.007517170723682296, Topic_0:0.00711746647568246, Topic_7:0.005576475104348837
Doc_40 :Topic_9:0.8437245996915047, Topic_8:0.04934900889624256, Topic_2:0.021888465039415078, Topic_3:0.020290947579255626, Topic_1:0.01923458175628097, Topic_4:0.01297362968157793, Topic_5:0.010495137069150654, Topic_0:0.009345664675598388, Topic_6:0.007767546528021656, Topic_7:0.004930419082952303
Doc_41 :Topic_2:0.5299031036835056, Topic_9:0.4151512222210397, Topic_5:0.01403828660920707, Topic_8:0.011523576067508888, Topic_4:0.008690128753469672, Topic_3:0.006515409794304638, Topic_6:0.004108333092883231, Topic_1:0.003905909940441155, Topic_0:0.0033221829118368143, Topic_7:0.002841846925803415
Doc_42 :Topic_9:0.8731914333259635, Topic_1:0.019231234889290304, Topic_8:0.016641837530772332, Topic_4:0.015638310659208367, Topic_2:0.01503838749876507, Topic_3:0.014912552772551574, Topic_5:0.013584430620577986, Topic_0:0.011708387811936782, Topic_6:0.01096028123019932, Topic_7:0.00909314366073482
Doc_43 :Topic_9:0.6474072236894093, Topic_3:0.13894774345019334, Topic_4:0.04573426843746766, Topic_5:0.04559854593639933, Topic_8:0.0321718374920283, Topic_2:0.02441586048944811, Topic_7:0.02343994240950198, Topic_1:0.018593832843902366, Topic_6:0.012427921651242582, Topic_0:0.011262823600407222
Doc_44 :Topic_9:0.7521438471228744, Topic_2:0.14066348196174713, Topic_4:0.02534437920735634, Topic_8:0.024985187314179716, Topic_3:0.017947054514037122, Topic_1:0.010103070628464933, Topic_5:0.00879400086627179, Topic_0:0.00819642649074482, Topic_6:0.006148761743697911, Topic_7:0.0056737901506258084
Doc_45 :Topic_9:0.5138541085295576, Topic_1:0.1177795381038014, Topic_5:0.0891148999181774, Topic_8:0.06621733019441733, Topic_2:0.05941721918589117, Topic_0:0.04646862807212692, Topic_6:0.042186086236256325, Topic_7:0.024418523486121047, Topic_3:0.022714509970017355, Topic_4:0.017829156303633513
Doc_46 :Topic_9:0.5368133151437814, Topic_1:0.18833392519884476, Topic_5:0.09627364021329167, Topic_2:0.09126630637523972, Topic_8:0.01885295496869092, Topic_0:0.017922084564867206, Topic_6:0.013818623414484872, Topic_3:0.013245200023953638, Topic_4:0.012700736547716763, Topic_7:0.010773213549129124
Doc_47 :Topic_9:0.2895348983642254, Topic_1:0.16311452605675453, Topic_5:0.15002227445635927, Topic_6:0.09402023466841719, Topic_0:0.09380979531552484, Topic_3:0.0737435849599303, Topic_8:0.05266423011668007, Topic_2:0.03311190004954144, Topic_4:0.03207956422288877, Topic_7:0.017898991789678107
Doc_48 :Topic_9:0.5864387455366417, Topic_2:0.1826970382562076, Topic_4:0.038072056278978486, Topic_5:0.035485838649621196, Topic_6:0.03493440172738562, Topic_8:0.03300735823542475, Topic_1:0.028332110265915547, Topic_0:0.022980646481569278, Topic_3:0.020878350026449003, Topic_7:0.017173454541806916
Doc_49 :Topic_9:0.8000207647262204, Topic_2:0.0868464293121676, Topic_5:0.021062807323605923, Topic_6:0.019130621966878026, Topic_0:0.016580559849332713, Topic_1:0.013153311670910607, Topic_7:0.01259365199331107, Topic_8:0.011911155350463642, Topic_3:0.009649524742830607, Topic_4:0.009051173064279222
Doc_50 :Topic_9:0.541877729884408, Topic_8:0.07719142109986936, Topic_0:0.07326846042642456, Topic_4:0.06527471133202628, Topic_6:0.05913124553105694, Topic_2:0.051950230248384126, Topic_5:0.047541745313047085, Topic_3:0.04046571861425918, Topic_1:0.024698836022173563, Topic_7:0.018599901528351073
Doc_51 :Topic_6:0.26763071701640234, Topic_0:0.1651584603871136, Topic_4:0.1469371766568813, Topic_7:0.1023485057320563, Topic_1:0.09993202303184696, Topic_8:0.09880694650816832, Topic_5:0.06548604696991771, Topic_3:0.028454148493012116, Topic_2:0.01824219514249602, Topic_9:0.007003780062105092
Doc_52 :Topic_4:0.46007386740959183, Topic_6:0.14635275572519343, Topic_3:0.10795501829970552, Topic_0:0.09004657986281946, Topic_5:0.056812398247026774, Topic_7:0.050704212456814626, Topic_8:0.031910093990583595, Topic_1:0.028261142651518734, Topic_2:0.021754541789841236, Topic_9:0.006129389566904644
Doc_53 :Topic_8:0.19270110723644845, Topic_0:0.16102772021680464, Topic_5:0.16101679571332211, Topic_1:0.15506574168875886, Topic_6:0.09250387849738426, Topic_2:0.07677075771034426, Topic_7:0.05043373477681084, Topic_3:0.0451137554574471, Topic_4:0.0381960416113985, Topic_9:0.027170467091281056
Doc_54 :Topic_5:0.17112140902975673, Topic_4:0.15740676331494652, Topic_0:0.14963791552193015, Topic_7:0.11950083904610018, Topic_6:0.10706256209819688, Topic_8:0.10141748406602537, Topic_3:0.082021683398224, Topic_1:0.0742471728621176, Topic_2:0.03032672541770066, Topic_9:0.007257445245002041
Doc_55 :Topic_0:0.2592784265471044, Topic_6:0.24385461874857237, Topic_2:0.11195636459791211, Topic_4:0.0981462901738666, Topic_5:0.08190288923216661, Topic_3:0.05481690740687972, Topic_9:0.049649395013365544, Topic_8:0.043864240692679746, Topic_1:0.030595033661841072, Topic_7:0.025935833925611957
Doc_56 :Topic_4:0.6475261529407669, Topic_0:0.12701545387848798, Topic_3:0.054703171765883615, Topic_8:0.04543479923005905, Topic_9:0.043665741017006376, Topic_2:0.03758159932231646, Topic_6:0.019672499297816323, Topic_5:0.010508813056267266, Topic_1:0.007865615740310741, Topic_7:0.006026153751085382
Doc_57 :Topic_4:0.34736234414716305, Topic_2:0.13230933871190292, Topic_0:0.11014973722245208, Topic_6:0.09325200886606172, Topic_5:0.08135929749349112, Topic_3:0.07589628981023248, Topic_8:0.07372588464557214, Topic_1:0.03624672130037307, Topic_9:0.028075396793789297, Topic_7:0.021622981008962316
Doc_58 :Topic_9:0.43571492946642754, Topic_2:0.39568620346137656, Topic_8:0.03923252200686674, Topic_1:0.030059420149623234, Topic_4:0.020832039257438196, Topic_5:0.0203241150135165, Topic_3:0.017765886882500862, Topic_0:0.0164668339549505, Topic_6:0.013912229450750381, Topic_7:0.010005820356549408
Doc_59 :Topic_9:0.4115080802570149, Topic_0:0.17803334712332367, Topic_1:0.10019084727196845, Topic_5:0.08924598484730507, Topic_8:0.08164010540002864, Topic_3:0.04734240724188085, Topic_4:0.032308518378067856, Topic_6:0.026486637457993612, Topic_2:0.02263131618238525, Topic_7:0.010612755840031764
Doc_60 :Topic_9:0.607881836589042, Topic_3:0.12170906812267347, Topic_0:0.059324281732179046, Topic_8:0.05687932069406395, Topic_1:0.05170358967968449, Topic_5:0.05100760601491347, Topic_4:0.022385757755321978, Topic_2:0.014468919677690435, Topic_6:0.008841693875675105, Topic_7:0.005797925858756035
Doc_61 :Topic_0:0.38861720385153103, Topic_2:0.2073204593086896, Topic_8:0.10171196635620476, Topic_5:0.082383140889631, Topic_1:0.05328597874797533, Topic_7:0.04452601797098915, Topic_6:0.04026889248551933, Topic_9:0.03163558725741097, Topic_4:0.0254340021577579, Topic_3:0.024816750974290872
Doc_62 :Topic_1:0.199077431249007, Topic_6:0.1881390124039961, Topic_5:0.12730751493279216, Topic_7:0.12553178415944288, Topic_2:0.10556728454155917, Topic_0:0.0783170549422536, Topic_3:0.048043629823379765, Topic_9:0.045152609242253824, Topic_4:0.04259593321869478, Topic_8:0.040267745486620585
Doc_63 :Topic_5:0.203725510871897, Topic_1:0.19870044930102812, Topic_8:0.12574327958681053, Topic_4:0.10916388517836696, Topic_0:0.10183717001733592, Topic_7:0.0817564426524814, Topic_3:0.05668608253566197, Topic_2:0.0489515988007814, Topic_6:0.042388614278950416, Topic_9:0.031046966776686252
Doc_64 :Topic_4:0.27660927058655116, Topic_0:0.18571524555272878, Topic_6:0.12644589631508044, Topic_2:0.11447813726741146, Topic_5:0.0847817674307892, Topic_9:0.07355778586183032, Topic_1:0.042297817350581794, Topic_3:0.041473502059842564, Topic_8:0.0297242493794743, Topic_7:0.024916328195710095
Doc_65 :Topic_6:0.238911749677032, Topic_5:0.17977750367255818, Topic_8:0.14087767600571277, Topic_4:0.10879692614113597, Topic_9:0.09142070293272317, Topic_2:0.07694792911973596, Topic_0:0.05833129963683132, Topic_3:0.04711762461323178, Topic_1:0.03519924276199486, Topic_7:0.022619345439043915
Doc_66 :Topic_8:0.2783075285183303, Topic_0:0.18559476231196786, Topic_2:0.15663063816798783, Topic_6:0.1355202253727608, Topic_3:0.07549256547273579, Topic_4:0.04507038915953781, Topic_7:0.041813207082356765, Topic_1:0.029978447016566018, Topic_9:0.027445558267650442, Topic_5:0.02414667863010647
Doc_67 :Topic_9:0.4284797950926381, Topic_3:0.3099158829931521, Topic_2:0.07260708957145223, Topic_4:0.07162478635996469, Topic_8:0.033666035366481176, Topic_1:0.023411789049097444, Topic_6:0.02216728254344807, Topic_5:0.020502740143427168, Topic_0:0.011690859638979197, Topic_7:0.005933739241359917
Doc_68 :Topic_9:0.5419596214460605, Topic_8:0.22925287217520954, Topic_3:0.05988787258557251, Topic_2:0.037641051982978485, Topic_1:0.035290281630644516, Topic_0:0.030157141758020797, Topic_6:0.029943339044822947, Topic_4:0.018202134411250806, Topic_5:0.01224188230028824, Topic_7:0.005423802665151653
Doc_69 :Topic_8:0.5332107304439255, Topic_9:0.31173538916839744, Topic_2:0.03451430524497338, Topic_4:0.0260128421700423, Topic_3:0.022016476141647867, Topic_1:0.021652563771678433, Topic_6:0.020148763833037993, Topic_5:0.01282380066745743, Topic_0:0.011818073887923006, Topic_7:0.006067054670916677
Doc_70 :Topic_9:0.32318263795157576, Topic_8:0.1797756793909574, Topic_6:0.1390522927770869, Topic_0:0.06326805687640018, Topic_1:0.060020529738441596, Topic_5:0.059576885166451564, Topic_2:0.053730111710115415, Topic_4:0.047698985123091404, Topic_3:0.045960571223453144, Topic_7:0.027734250042426748
Doc_71 :Topic_9:0.47311743756331764, Topic_2:0.18105004157455318, Topic_8:0.1521982465026326, Topic_1:0.04071306949652465, Topic_3:0.037269656087431526, Topic_0:0.03438527710987515, Topic_4:0.028549787337806797, Topic_6:0.021500671143698503, Topic_5:0.01945565177193287, Topic_7:0.011760161412227122
Doc_72 :Topic_8:0.45849659944133697, Topic_9:0.412480624975674, Topic_2:0.022126816501838387, Topic_3:0.02172128755648328, Topic_4:0.0184565991564086, Topic_6:0.017552711399765216, Topic_0:0.016687509269010185, Topic_1:0.01502922739172251, Topic_5:0.01093502448687753, Topic_7:0.006513599820883431
Doc_73 :Topic_9:0.5495658277835627, Topic_8:0.20000499407668848, Topic_2:0.14145575852060904, Topic_4:0.021478510009102683, Topic_5:0.019273508742635476, Topic_0:0.018959115670496886, Topic_3:0.018793250839409546, Topic_1:0.01204557670511601, Topic_6:0.011828958102992069, Topic_7:0.006594499549387053
Doc_74 :Topic_6:0.20882681962081143, Topic_2:0.20039844599295897, Topic_8:0.13279809756969244, Topic_0:0.1110070768279958, Topic_4:0.09248874360046896, Topic_1:0.09073061678151638, Topic_7:0.04647992765666741, Topic_5:0.04641685599981518, Topic_3:0.038660352087729714, Topic_9:0.032193063862343656
Doc_75 :Topic_8:0.4621006948407848, Topic_9:0.25906331586622494, Topic_0:0.05678007284437604, Topic_2:0.0469652042686482, Topic_3:0.044646169638724295, Topic_6:0.04126290004506595, Topic_1:0.033880810767231186, Topic_4:0.03028669237031774, Topic_5:0.01740958805166085, Topic_7:0.007604551306966039
Doc_76 :Topic_8:0.25248722082472796, Topic_9:0.18024767222182694, Topic_3:0.1443985045975177, Topic_4:0.07969827505238852, Topic_1:0.07796049774038628, Topic_2:0.06906209601580224, Topic_5:0.06896574098287055, Topic_0:0.05374656765883408, Topic_7:0.04392446871426504, Topic_6:0.029508956191380546
Doc_77 :Topic_8:0.35366123579303643, Topic_9:0.3389219185636726, Topic_0:0.08582262808763237, Topic_3:0.07437939575312887, Topic_1:0.03684449078270568, Topic_4:0.03306617203041223, Topic_6:0.03216154855096073, Topic_5:0.016300816613494005, Topic_2:0.01558676856694766, Topic_7:0.013255025258009544
Doc_78 :Topic_8:0.21570095263502123, Topic_9:0.15070787633511623, Topic_2:0.1078077150305157, Topic_5:0.10267928891837697, Topic_1:0.08822101780874272, Topic_0:0.08618517991633115, Topic_3:0.08156121057314515, Topic_6:0.07699881862462869, Topic_4:0.05744482101544008, Topic_7:0.032693119142682234
Doc_79 :Topic_1:0.42009491331808047, Topic_8:0.11811292660164656, Topic_6:0.100245558139619, Topic_4:0.08677579989642505, Topic_0:0.07830853013309721, Topic_2:0.05253960957790909, Topic_3:0.052206702074520266, Topic_9:0.03456159971100419, Topic_5:0.03061084558859453, Topic_7:0.026543514959103634
Doc_80 :Topic_8:0.4312319628408663, Topic_9:0.4152350089135492, Topic_2:0.047437715412844104, Topic_0:0.022480360350700928, Topic_3:0.02124730258995463, Topic_4:0.01590957459756394, Topic_5:0.014580848576861654, Topic_6:0.014315439037347463, Topic_1:0.010270149565737033, Topic_7:0.0072916381145747555
Doc_81 :Topic_9:0.46453510442511475, Topic_2:0.08320989247610741, Topic_1:0.07902032316052918, Topic_5:0.07508752977963469, Topic_7:0.05975298153119325, Topic_6:0.055118013184116736, Topic_0:0.050163218230450224, Topic_8:0.04815248085845009, Topic_3:0.04558478824571306, Topic_4:0.0393756681086907
Doc_82 :Topic_3:0.5862611569605296, Topic_9:0.23047712314098762, Topic_2:0.049402304121737614, Topic_8:0.03447480781502093, Topic_4:0.03096074389684825, Topic_5:0.016082933945957143, Topic_7:0.014942728791052521, Topic_1:0.014663679261072244, Topic_6:0.011866963947753774, Topic_0:0.010867558119040135
Doc_83 :Topic_4:0.3879696397841531, Topic_3:0.15603678920799133, Topic_6:0.12192038235271248, Topic_7:0.06611738490210899, Topic_0:0.059047228800528664, Topic_8:0.05767857760251353, Topic_5:0.052431308813769596, Topic_1:0.04521432253085688, Topic_2:0.03818616202613881, Topic_9:0.015398203979226624
Doc_84 :Topic_9:0.7722628997783365, Topic_6:0.07211866823691676, Topic_2:0.03582754119395072, Topic_8:0.024943458929904343, Topic_3:0.01979615344013788, Topic_1:0.018073480366565715, Topic_4:0.017882157513074485, Topic_5:0.017130248863565463, Topic_0:0.011793438530954551, Topic_7:0.010171953146593485
Doc_85 :Topic_9:0.22244580778068349, Topic_4:0.15509145066806854, Topic_5:0.13016416525093744, Topic_2:0.10781345889829494, Topic_0:0.1010034710855541, Topic_6:0.08942949317717515, Topic_8:0.059728926953355244, Topic_3:0.048293762316352865, Topic_1:0.048061031544234495, Topic_7:0.037968432325343845
Doc_86 :Topic_1:0.5831322830522915, Topic_9:0.2453306679395754, Topic_4:0.09507000705640639, Topic_2:0.03903972866496251, Topic_6:0.008722532976676842, Topic_5:0.00745840750474326, Topic_3:0.006602976759097849, Topic_8:0.006186951481573127, Topic_7:0.0044168948652286745, Topic_0:0.004039549699444438
Doc_87 :Topic_9:0.91335516213842, Topic_2:0.014499946536987652, Topic_4:0.013354243501047473, Topic_6:0.010005735541302387, Topic_5:0.009309850416651983, Topic_1:0.009026430372473401, Topic_3:0.009004328472731348, Topic_0:0.007509954732248838, Topic_8:0.007412898239065718, Topic_7:0.006521450049071095
Doc_88 :Topic_9:0.8388862479875875, Topic_2:0.08808687356756946, Topic_8:0.01819064037247658, Topic_1:0.013222898369150804, Topic_3:0.010194256607650155, Topic_4:0.008691776741281234, Topic_5:0.008137815275165803, Topic_0:0.0066669539986190934, Topic_6:0.004373751188918827, Topic_7:0.003548785891580678
Doc_89 :Topic_9:0.8400080116734647, Topic_1:0.034161436802109965, Topic_2:0.028453158487589482, Topic_4:0.02267720959520587, Topic_3:0.017811685549836226, Topic_8:0.016116894236801325, Topic_6:0.015878668781162692, Topic_5:0.009810523831698148, Topic_0:0.009467660318967779, Topic_7:0.00561475072316363
Doc_90 :Topic_9:0.40458737648496623, Topic_2:0.2794231741067267, Topic_1:0.09895585691196918, Topic_3:0.05700639891573252, Topic_6:0.03170129388446546, Topic_5:0.03055315490743811, Topic_4:0.02729348488661908, Topic_7:0.026669807723359886, Topic_8:0.02389143927297057, Topic_0:0.019918012905752246
Doc_91 :Topic_5:0.6109724381597892, Topic_9:0.2942757879645999, Topic_2:0.02545963384839804, Topic_8:0.022975112531315244, Topic_3:0.02015267812063913, Topic_1:0.009871482883578975, Topic_4:0.0055173199044752964, Topic_6:0.004719000084543116, Topic_0:0.003752669154311333, Topic_7:0.0023038773483496813
Doc_92 :Topic_9:0.7595001065888388, Topic_2:0.08756166558702733, Topic_6:0.026424291618978787, Topic_8:0.024479742704861925, Topic_1:0.020420006420597964, Topic_3:0.01877821824347472, Topic_7:0.01709762328304885, Topic_5:0.016737427006915648, Topic_0:0.01654485930508425, Topic_4:0.012456059241171763
Doc_93 :Topic_9:0.5362637704311691, Topic_8:0.1038106445162481, Topic_1:0.08964899103944848, Topic_5:0.04965699638396382, Topic_0:0.04651752724663425, Topic_6:0.043036765839647315, Topic_2:0.04302565935857168, Topic_3:0.03710223225738724, Topic_7:0.028993350019211394, Topic_4:0.021944062907718487
Doc_94 :Topic_9:0.4530022324773223, Topic_1:0.09448812976050229, Topic_2:0.09181015962105571, Topic_5:0.08248302790914648, Topic_0:0.07512387011327809, Topic_8:0.059042740524576545, Topic_6:0.05204268779517938, Topic_4:0.03904538584439932, Topic_3:0.035425969380089094, Topic_7:0.017535796574450865
Doc_95 :Topic_9:0.7128396735780379, Topic_2:0.13227229950041458, Topic_5:0.03657361016016023, Topic_1:0.031525129741250366, Topic_8:0.020912896421839005, Topic_3:0.018981447242539848, Topic_4:0.014943650240947307, Topic_0:0.012757988193013192, Topic_6:0.012239552081162198, Topic_7:0.00695375284063541
Doc_96 :Topic_9:0.8147857267636581, Topic_2:0.0881679793348348, Topic_5:0.01742599343942315, Topic_8:0.016804296361081328, Topic_1:0.01616991464163506, Topic_4:0.011766274685274157, Topic_3:0.010609558272294024, Topic_6:0.010158585812117272, Topic_0:0.007477693549136112, Topic_7:0.006633977140546014
Doc_97 :Topic_9:0.5112830598420893, Topic_0:0.3488317835075612, Topic_2:0.0520001094490414, Topic_5:0.02516774613425292, Topic_8:0.014418575853781113, Topic_1:0.0123434249679512, Topic_4:0.012156444561484868, Topic_3:0.009566531851320293, Topic_6:0.00948722238914589, Topic_7:0.00474510144337187
Doc_98 :Topic_9:0.3863493648635849, Topic_2:0.20854014089321407, Topic_5:0.14418753010445415, Topic_1:0.08039799350305929, Topic_8:0.05121956744344959, Topic_3:0.03702096582184119, Topic_0:0.0357135792281182, Topic_6:0.024576185062323404, Topic_4:0.017698266790229206, Topic_7:0.01429640628972593
Doc_99 :Topic_9:0.9149728284723899, Topic_5:0.019406472321565595, Topic_2:0.01386405123244437, Topic_4:0.00964709941080791, Topic_6:0.009613614118743338, Topic_7:0.008915202552996944, Topic_1:0.006296449249204746, Topic_0:0.006217167768507338, Topic_8:0.006082192851815414, Topic_3:0.004984922021524495
Doc_100 :Topic_9:0.5817987874153897, Topic_2:0.19579222358706572, Topic_5:0.06905263254445754, Topic_1:0.02995806076600092, Topic_8:0.029785819730770557, Topic_4:0.027850478566652445, Topic_3:0.022854963513882418, Topic_6:0.016944336977229742, Topic_0:0.013546932831734587, Topic_7:0.012415764066816454
Doc_101 :Topic_9:0.5668692995688212, Topic_2:0.1783564528347759, Topic_1:0.07255677051393104, Topic_5:0.0378455028425376, Topic_3:0.030209823228323197, Topic_8:0.02937195220353011, Topic_6:0.025470428500989576, Topic_4:0.02140183360907225, Topic_0:0.020455691582940475, Topic_7:0.017462245115078753
Doc_102 :Topic_9:0.7020405154155119, Topic_2:0.14062670729314805, Topic_4:0.027910661594646703, Topic_3:0.026339843981307617, Topic_1:0.02479021193974084, Topic_8:0.02465628962019943, Topic_5:0.01748069820118368, Topic_0:0.01640554626484947, Topic_6:0.012178168957922772, Topic_7:0.00757135673148953
Doc_103 :Topic_9:0.7901209709374302, Topic_2:0.05615155342294905, Topic_8:0.036083292238792586, Topic_5:0.025382664719735683, Topic_0:0.019814291492502273, Topic_4:0.018140452164541934, Topic_1:0.01579995527563193, Topic_6:0.015168782927664312, Topic_3:0.013984559679220868, Topic_7:0.009353477141531268
Doc_104 :Topic_9:0.24343570401261438, Topic_1:0.2066662811422465, Topic_2:0.17451991927036115, Topic_5:0.12724976202511418, Topic_8:0.061059084975267845, Topic_6:0.04511741137928607, Topic_4:0.039599989745456525, Topic_0:0.03783889044610214, Topic_3:0.037779464151991515, Topic_7:0.026733492851559685
Doc_105 :Topic_6:0.3993788524168895, Topic_8:0.23062818200540805, Topic_4:0.13904498937340856, Topic_7:0.06687279235985737, Topic_0:0.05726394084713458, Topic_2:0.030904835168063055, Topic_5:0.025460682130774584, Topic_3:0.025026343721456873, Topic_1:0.019448974509565627, Topic_9:0.005970407467441861
Doc_106 :Topic_4:0.3458500705365083, Topic_7:0.12340006813198325, Topic_6:0.10296400428092516, Topic_2:0.10171427622504774, Topic_8:0.07815405389694284, Topic_3:0.07252243508505551, Topic_0:0.06103996049895594, Topic_5:0.0558551455993915, Topic_1:0.03534575423788684, Topic_9:0.02315423150730286
Doc_107 :Topic_4:0.5502358962924879, Topic_7:0.15371741506345107, Topic_6:0.08225344327691535, Topic_3:0.0673162883718543, Topic_0:0.04995628691588978, Topic_5:0.047434741713024, Topic_8:0.019102436296807822, Topic_1:0.013712750250693363, Topic_2:0.012005010795759346, Topic_9:0.004265731023116911
Doc_108 :Topic_4:0.48166604169540644, Topic_6:0.34459922048566044, Topic_3:0.04195838733325913, Topic_8:0.037266131091655, Topic_7:0.03412086775079897, Topic_0:0.01674902939969887, Topic_2:0.015039976862961664, Topic_5:0.014151613551427326, Topic_1:0.010956724977850565, Topic_9:0.0034920068512817553
Doc_109 :Topic_7:0.3223468197203304, Topic_3:0.2763839336652282, Topic_4:0.20744115419482045, Topic_6:0.04951077820304571, Topic_2:0.04168439255294449, Topic_5:0.03057860433242342, Topic_8:0.02377511246044085, Topic_9:0.01864211957787118, Topic_0:0.018154541360240844, Topic_1:0.011482543932654535
Doc_110 :Topic_4:0.21092598763153153, Topic_6:0.19002571342915167, Topic_7:0.18541375384412284, Topic_0:0.11732506084167767, Topic_3:0.08716340414664724, Topic_1:0.08005079231307281, Topic_5:0.0655000759992334, Topic_8:0.03791712841663102, Topic_2:0.02010639096563251, Topic_9:0.005571692412299395
Doc_111 :Topic_4:0.42367618179769106, Topic_3:0.31750225339988986, Topic_7:0.06418717434736061, Topic_6:0.03762217089598819, Topic_2:0.03248320998755356, Topic_5:0.030595987452595747, Topic_1:0.030248935771659283, Topic_0:0.02679763460582147, Topic_8:0.018504706184339467, Topic_9:0.018381745557100673
Doc_112 :Topic_8:0.32057795392396976, Topic_9:0.12913766074207667, Topic_6:0.10285266230651582, Topic_0:0.09661562442646807, Topic_1:0.08334349621265465, Topic_4:0.07336574193282192, Topic_2:0.06982902752064825, Topic_3:0.061144305516505126, Topic_5:0.03236456627373398, Topic_7:0.030768961144605814
Doc_113 :Topic_4:0.6487231086751841, Topic_9:0.08896204259651823, Topic_3:0.08116291643118557, Topic_2:0.0634107393300642, Topic_6:0.03257557405319679, Topic_8:0.022808621735457526, Topic_7:0.017457910304739907, Topic_1:0.017002810271355986, Topic_5:0.015456532946903563, Topic_0:0.012439743655394036
Doc_114 :Topic_4:0.5036468233705494, Topic_8:0.1306547997070153, Topic_2:0.11108955038268171, Topic_1:0.05520032026370525, Topic_0:0.04375513538391907, Topic_6:0.03974000696427751, Topic_5:0.03957246741506636, Topic_9:0.027903357113248765, Topic_7:0.024679361160361495, Topic_3:0.023758178239175084
Doc_115 :Topic_4:0.25542675073698135, Topic_2:0.13131454734384795, Topic_3:0.11377216186833226, Topic_8:0.11182712641416045, Topic_1:0.10695773443960169, Topic_6:0.08727611202875203, Topic_0:0.0603801230156829, Topic_5:0.04668330815704582, Topic_7:0.045205622993524416, Topic_9:0.041156513002071196
Doc_116 :Topic_2:0.526383927157458, Topic_9:0.11684566903337788, Topic_0:0.09020065347139465, Topic_6:0.057943388036524365, Topic_3:0.050858976750871455, Topic_5:0.04051214665085289, Topic_4:0.039394732771298374, Topic_8:0.03601184178932975, Topic_1:0.02557588180941605, Topic_7:0.016272782529476816
Doc_117 :Topic_2:0.4030731197299121, Topic_6:0.22729736574673334, Topic_1:0.12018857809599626, Topic_4:0.08241030311067078, Topic_5:0.03802824418370002, Topic_3:0.03309333195767444, Topic_0:0.03155496075988816, Topic_7:0.028128736855851377, Topic_8:0.02044121231944353, Topic_9:0.015784147240130112
Doc_118 :Topic_2:0.5902426759048618, Topic_9:0.10998322376062089, Topic_6:0.07930233761807814, Topic_4:0.05800738544579888, Topic_5:0.04524097232384294, Topic_8:0.04258565822893867, Topic_1:0.02328962396779025, Topic_3:0.019161029869839457, Topic_7:0.01650971439396024, Topic_0:0.01567737848626888
Doc_119 :Topic_9:0.3536204698300587, Topic_2:0.19312200805211666, Topic_6:0.14697508602844045, Topic_0:0.08347957579751125, Topic_1:0.07433435485913299, Topic_5:0.0514556712345351, Topic_4:0.026348627358880015, Topic_3:0.02610383390111995, Topic_8:0.023756963714925184, Topic_7:0.020803409223279747
Doc_120 :Topic_9:0.5904121520802653, Topic_3:0.09673133512221492, Topic_8:0.07519128413252531, Topic_2:0.05869651781233155, Topic_6:0.044579763948467646, Topic_7:0.03507809585317632, Topic_5:0.034552092575681856, Topic_1:0.025239859687244938, Topic_4:0.025235057717545584, Topic_0:0.014283841070546656
Doc_121 :Topic_2:0.19861498989165502, Topic_9:0.17011596268174695, Topic_3:0.16774518987577633, Topic_5:0.12647719131874563, Topic_6:0.12226735460343018, Topic_1:0.10413331298555731, Topic_4:0.03464553108281217, Topic_0:0.028690877046750853, Topic_7:0.025301204034642887, Topic_8:0.022008386478882695
Doc_122 :Topic_9:0.2560041520737568, Topic_2:0.1968293043623689, Topic_3:0.16698127508271848, Topic_8:0.15717454045787124, Topic_5:0.07414287926525971, Topic_0:0.03776187824842376, Topic_6:0.03321193343279768, Topic_1:0.029701268904392647, Topic_7:0.028179009533052548, Topic_4:0.020013758639358226
Doc_123 :Topic_0:0.21528552891119715, Topic_6:0.17561922323838655, Topic_8:0.14584247528535957, Topic_3:0.14058479875233781, Topic_7:0.09441928642697056, Topic_4:0.07068938289666399, Topic_5:0.06878810883388257, Topic_1:0.0344843503492312, Topic_2:0.03304776958057401, Topic_9:0.021239075725396652
Doc_124 :Topic_3:0.7529408535502317, Topic_8:0.07428297348591954, Topic_7:0.03696855289141903, Topic_5:0.02755866150806568, Topic_0:0.026258735328807088, Topic_4:0.02205390817051156, Topic_1:0.017288704692078747, Topic_6:0.015542179805996658, Topic_9:0.014151942697732112, Topic_2:0.01295348786923787
Doc_125 :Topic_9:0.2464529507974934, Topic_8:0.16397064730583377, Topic_2:0.1492386750658599, Topic_3:0.1277437845662317, Topic_0:0.06528951375642568, Topic_6:0.06290926597103662, Topic_7:0.0587191140527128, Topic_1:0.047927324263716244, Topic_4:0.041316279555487063, Topic_5:0.03643244466520276
Doc_126 :Topic_0:0.19441942788626906, Topic_1:0.1748038937334066, Topic_6:0.11562569205779842, Topic_3:0.11189462393634518, Topic_4:0.09349725980674758, Topic_8:0.09042602882224646, Topic_7:0.08775223609345882, Topic_5:0.0718456565894951, Topic_2:0.03806102961390233, Topic_9:0.021674151460330183
Doc_127 :Topic_7:0.22672260792241888, Topic_0:0.21635146282996728, Topic_8:0.15186186386384296, Topic_1:0.11518151982749864, Topic_6:0.07518104738219507, Topic_3:0.0647703273054011, Topic_5:0.05727005565624586, Topic_9:0.04930287479529626, Topic_4:0.024005564313273203, Topic_2:0.019352676103860742
Doc_128 :Topic_3:0.3128808270314384, Topic_4:0.30543753487247055, Topic_1:0.09547137351812031, Topic_0:0.06555705987555442, Topic_5:0.05293998084833452, Topic_2:0.04261420608648936, Topic_9:0.041831372693766494, Topic_7:0.03308897592487787, Topic_6:0.032555770368041394, Topic_8:0.01762289878090693
Doc_129 :Topic_4:0.4864618339495314, Topic_2:0.1859203523884754, Topic_0:0.18138054578107943, Topic_1:0.03638536344311094, Topic_6:0.03237921144105337, Topic_3:0.02320258718720045, Topic_5:0.016676035083302735, Topic_8:0.015309151959043163, Topic_7:0.012608693585347039, Topic_9:0.00967622518185603
Doc_130 :Topic_0:0.5861127831313953, Topic_4:0.1744852871147904, Topic_3:0.07216109008283315, Topic_5:0.04452938838642064, Topic_8:0.02580794865373354, Topic_2:0.02415904254976198, Topic_1:0.022204828359160825, Topic_6:0.021580670041106895, Topic_9:0.019683969969296746, Topic_7:0.009274991711500763
Doc_131 :Topic_4:0.5057770346917763, Topic_0:0.15779984998281904, Topic_1:0.08938335985203648, Topic_7:0.08064798873526502, Topic_5:0.04919166706701134, Topic_6:0.04459549149928545, Topic_2:0.03150368214459934, Topic_8:0.022952754362547383, Topic_3:0.014500553348165662, Topic_9:0.0036476183164940047
Doc_132 :Topic_0:0.29653721856010834, Topic_6:0.1937272424422746, Topic_2:0.1468468092480724, Topic_5:0.06563707864792752, Topic_1:0.0601205794640158, Topic_4:0.05654576534269709, Topic_7:0.05388625397504541, Topic_3:0.05355938735885681, Topic_8:0.045370696626681764, Topic_9:0.027768968334320392
